1 0 5.40012479177676e-13 1.95716519324485e-07 3.33066907387547e-16
2 0.005 5.88329385209363e-12 3.32964771754263e-07 0.00138790505545983
3 0.01 1.23918653116561e-11 2.70002311619777e-07 0.00138707207241984
4 0.015 2.70290456683142e-11 2.89630930960794e-07 0.00138623680752348
5 0.02 4.93258767164662e-11 3.04256847716289e-07 0.00138539925436254
6 0.025 8.3360873759375e-11 2.92647724553508e-07 0.00138455940652205
7 0.03 1.08144604382687e-10 2.84664341987373e-07 0.00138371725757847
8 0.035 1.24231291920296e-10 3.13873756874195e-07 0.00138287280110083
9 0.04 8.59046167533961e-11 2.88470869913571e-07 0.00138202603065107
10 0.045 1.01778141470277e-10 2.87594754677656e-07 0.00138117693978312
11 0.05 1.2241230251675e-10 2.75379598013714e-07 0.00138032552204437
12 0.055 9.81259518084698e-11 2.92722428574255e-07 0.00137947177097442
13 0.06 1.14468434730952e-10 2.94797628197507e-07 0.00137861568010678
14 0.065 9.64064383879304e-11 2.82204814627818e-07 0.00137775724296729
15 0.07 8.83062512002653e-11 3.07482058981012e-07 0.00137689645307615
16 0.075 1.2028067430947e-10 2.86079164246722e-07 0.00137603330394653
17 0.08 3.08745029542479e-10 3.19188152464456e-07 0.00137516778908497
18 0.085 1.07164055407338e-10 3.41393787517408e-07 0.00137429990199311
19 0.09 9.40474365052069e-11 3.27923127318996e-07 0.00137342963616482
20 0.095 1.364810486848e-10 3.13878184443617e-07 0.00137255698508998
21 0.1 1.15790044219466e-10 3.33981982292286e-07 0.00137168194225168
22 0.105 2.18278728425503e-10 3.39275555760743e-07 0.00137080450112748
23 0.11 2.62829757957661e-10 2.72307740689648e-07 0.0013699246551907
24 0.115 2.57728061114904e-10 2.68050985574586e-07 0.00136904239790836
25 0.12 1.3295675671543e-10 2.83295947256512e-07 0.00136815772274312
26 0.125 1.06368247543287e-10 2.77848380858536e-07 0.00136727062315256
27 0.13 1.22753363029915e-10 2.97105407776055e-07 0.00136638109259002
28 0.135 8.63593641042826e-11 3.06023843599235e-07 0.00136548912450418
29 0.14 1.31251454149606e-10 2.97813715022244e-07 0.00136459471233941
30 0.145 1.0902567737503e-10 2.88132616155234e-07 0.00136369784953649
31 0.15 1.81927362064016e-10 2.79441445483197e-07 0.00136279852953147
32 0.155 1.45817580232688e-10 3.06488031731611e-07 0.00136189674575793
33 0.16 1.90169657798833e-10 3.15833216357753e-07 0.00136099249164467
34 0.165 2.21518803300569e-10 2.84924949078835e-07 0.00136008576061841
35 0.17 1.74168235389516e-10 3.05323575977567e-07 0.00135917654610207
36 0.175 2.15635509448475e-10 2.96478007588696e-07 0.00135826484151591
37 0.18 1.46613388096739e-10 3.34924899814126e-07 0.00135735064027753
38 0.185 1.88506987797155e-10 2.76436606772013e-07 0.0013564339358022
39 0.19 2.22826201934367e-10 2.74493893170913e-07 0.00135551472150264
40 0.195 1.63396407515393e-10 2.91095113458262e-07 0.00135459299078988
41 0.2 2.5889335120155e-10 2.94161267566651e-07 0.00135366873707299
42 0.205 3.01085378850985e-10 2.921922562793e-07 0.00135274195375923
43 0.21 2.43119302467676e-10 2.95055401444699e-07 0.0013518126342551
44 0.215 2.24176233132312e-10 2.78328568303898e-07 0.0013508807719651
45 0.22 3.5068126180704e-10 3.2294490864837e-07 0.00134994636029384
46 0.225 3.11004555442196e-10 2.80244158656906e-07 0.00134900939264437
47 0.23 3.53452378476504e-10 2.70271948876744e-07 0.0013480698624192
48 0.235 3.61552565664169e-10 3.31566657907345e-07 0.00134712776302182
49 0.24 4.80028461424808e-10 2.92705388371672e-07 0.00134618308785428
50 0.245 4.30873114964925e-10 2.98173600310481e-07 0.00134523583031987
51 0.25 5.41646727469924e-10 2.81636139409791e-07 0.00134428598382197
52 0.255 5.25290033692727e-10 2.82788648053867e-07 0.00134333354176486
53 0.26 6.61771082377527e-10 3.0911309778503e-07 0.00134237849755359
54 0.265 7.42275574339146e-10 3.10990108220999e-07 0.00134142084459488
55 0.27 7.86741338743013e-10 2.87388713937631e-07 0.00134046057629644
56 0.275 8.81982487044297e-10 3.16780712383835e-07 0.00133949768606834
57 0.28 9.9404928732838e-10 2.96920807441037e-07 0.00133853216732216
58 0.285 1.05198694200226e-09 2.91322640288971e-07 0.00133756401347196
59 0.29 1.19904086659517e-09 3.23360333953637e-07 0.00133659321793467
60 0.295 1.34298261400545e-09 2.83891129826408e-07 0.00133561977412966
61 0.3 1.55706914028997e-09 8.67760044043209e-07 0.00133464367547931
62 0.305 1.70413727573759e-09 3.03874502227686e-07 0.00133366491540998
63 0.31 1.93321625374665e-09 3.03303106963249e-07 0.00133268348735116
64 0.315 2.19577600546472e-09 7.16288434177148e-07 0.00133169938473665
65 0.32 2.48600429131329e-09 3.68401987804745e-07 0.00133071260100404
66 0.325 2.77414358151873e-09 3.35354774227969e-07 0.00132972312959589
67 0.33 3.23919380207371e-09 4.19768843407109e-07 0.00132873096395969
68 0.335 3.56119755906548e-09 4.29519568412307e-07 0.00132773609754755
69 0.34 4.14777900914487e-09 4.64267740751811e-07 0.00132673852381726
70 0.345 4.7606647513021e-09 1.82191137831911e-06 0.00132573823623228
71 0.35 5.46738476714381e-09 5.97000095803324e-07 0.0013247352282626
72 0.355 6.38148378584447e-09 2.28487835024493e-06 0.00132372949338366
73 0.36 7.47544959267543e-09 4.71374096921995e-06 0.00132272102507813
74 0.365 8.8903391315398e-09 3.09436202011737e-06 0.00132170981683588
75 0.37 1.06099804497717e-08 1.18518861697003e-06 0.00132069586215322
76 0.375 1.28039232549781e-08 2.35197249143226e-06 0.00131967915453513
77 0.38 1.56781112536919e-08 7.45293751103215e-06 0.00131865968749389
78 0.385 1.9601387180046e-08 8.19701155729824e-06 0.00131763745454994
79 0.39 2.47696476662895e-08 3.32474006614625e-06 0.00131661244923298
80 0.395 3.23078239716779e-08 1.12802532248879e-05 0.00131558466508086
81 0.4 4.54764119695028e-08 1.40737762071574e-05 0.00131455409564174
82 0.405 6.80291378785114e-08 2.45668511802966e-05 0.00131352073447211
83 0.41 1.10839451394895e-07 2.93127588124609e-05 0.00131248457513966
84 0.415 2.02197071530463e-07 3.96827947888312e-05 0.00131144561122187
85 0.42 4.00513528120428e-07 7.29315290012855e-05 0.00131040383630676
86 0.425 8.28980674327795e-07 9.553176244953e-05 0.00130935924399356
87 0.43 1.36043121301554e-06 0.000240370480460772 0.00130831182789348
88 0.435 3.00637302075302e-06 0.00038695293597607 0.00130726158162853
89 0.44 6.28208397301933e-06 0.000493137087720363 0.00130620849883323
90 0.445 8.0258432149094e-06 0.000496328026123927 0.00130515257315522
91 0.45 1.04018418767282e-06 0.000321584216159243 0.00130409379825414
92 0.455 8.96190172738898e-07 0.00032158315954911 0.00130303216780392
93 0.46 3.33798155338627e-07 0.000235946432025624 0.00130196767549051
94 0.465 3.70422910123125e-07 0.000272410639219178 0.00130090031501617
95 0.47 5.35419459879449e-07 0.000261037124788421 0.00129983008009571
96 0.475 4.06746764269883e-07 0.00027241556113039 0.00129875696445991
97 0.48 4.66135091414799e-07 0.000322404714795499 0.00129768096185412
98 0.485 4.38644647715591e-07 0.000322475533187816 0.00129660206603965
99 0.49 3.14466362283383e-07 0.000272467258957021 0.00129552027079405
100 0.495 2.48355306098347e-07 0.000261083895468583 0.00129443556991093
101 0.5 1.3030943080139e-07 0.000225947921195124 0.00129334795720115
102 0.505 2.82630622905344e-07 0.00027250144111074 0.00129225742649264
103 0.51 4.36149150573328e-07 0.00024970540002639 0.00129116397163109
104 0.515 2.05513245532529e-07 0.000315662211632928 0.00129006758648065
105 0.52 3.16860180760159e-07 0.0003156621858037 0.00128896826492353
106 0.525 4.58811385328772e-07 0.000272502501504068 0.00128786600086128
107 0.53 4.37914110307247e-07 0.000260989810194012 0.0012867607882151
108 0.535 4.01383246639853e-07 0.000249560422897865 0.00128565262092573
109 0.54 6.27741684411376e-07 0.000346818093869106 0.00128454149295421
110 0.545 5.96436279920454e-07 0.000346784756470431 0.00128342739828291
111 0.55 4.64478276285263e-07 0.000359842210053418 0.00128231033091497
112 0.555 4.2330034943916e-07 0.000359919597530178 0.00128119028487561
113 0.56 2.1416525441964e-07 0.000272539936305716 0.00128006725421148
114 0.565 3.3691962642024e-07 0.000261002086582252 0.0012789412329931
115 0.57 4.1539499306964e-07 0.000296648368127039 0.00127781221531298
116 0.575 5.43645597872455e-07 0.000315670278892899 0.00127668019528793
117 0.58 6.77169893492646e-07 0.000333559272827133 0.00127554516705863
118 0.585 1.72777860996121e-05 0.00116715205591766 0.00127440712478988
119 0.59 5.73038691982219e-05 0.00126310299910637 0.00127326606267231
120 0.595 9.69638675769602e-05 0.00126310257174689 0.00127212197492133
121 0.6 0.000136154516553688 0.00126311220422115 0.00127097485577932
122 0.605 0.000174888414889551 0.0012630863435904 0.00126982469951409
123 0.61 0.000213177876091208 0.00126311666731105 0.0012686715004212
124 0.615 0.000251013402149169 0.00126311092608489 0.00126751525282343
125 0.62 0.000288464628880547 0.00126311484528419 0.00126635595107205
126 0.625 0.000325560815824133 0.00126312852570576 0.00126519358954647
127 0.63 0.000362090456007991 0.0012631513763075 0.00126402816265503
128 0.635 0.000398361941748249 0.00126285966483652 0.00126285966483652
129 0.64 0.000434206302855955 0.00126168809202254 0.00126168809055871
130 0.645 0.000469713468334021 0.0012605134328576 0.00126051343432143
131 0.65 0.00050486806462402 0.00125933569065428 0.00125933569065428
132 0.655 0.000539616456890712 0.00125815485540881 0.00125815485411973
133 0.66 0.000574077667153006 0.0012569709180229 0.00125697091931198
134 0.665 0.000608210532519138 0.00125578388085834 0.00125578388085834
135 0.67 0.000642026284609187 0.00125459373445647 0.00125459373341918
136 0.675 0.000675552069381524 0.00125340047126155 0.00125340047168954
137 0.68 0.000708663525031739 0.00125220408978888 0.00125220409039817
138 0.685 0.000741540731283408 0.00125100458430916 0.00125100458430916
139 0.69 0.000774127326764074 0.00124980194822277 0.00124980194822277
140 0.695 0.000806431854144307 0.00124859617697493 0.00124859617697493
141 0.7 0.000838459646729461 0.00124738726638773 0.0012473872654386
142 0.705 0.000870218647079923 0.00124617520757486 0.00124617520852399
143 0.71 0.000901716208986159 0.00124496000142194 0.00124496000117957
144 0.715 0.000932958254765026 0.00124374163815 0.00124374163839236
145 0.72 0.000963951305053001 0.00124252011555648 0.00124252011518788
146 0.725 0.000994708156781599 0.00124129542626406 0.00124129542663265
147 0.73 0.00102921628085539 0.00124006756820794 0.00124006756783279
148 0.735 0.00110567867871225 0.00123883653378609 0.00123883653393508
149 0.74 0.00119924545388983 0.0012376023202797 0.00123760232012882
150 0.745 0.00130156604167553 0.00123636492126789 0.00123636492164492
151 0.75 0.00140477813452833 0.00123512433428896 0.00123512433375728
152 0.755 0.00150760081515955 0.00123388055125129 0.00123388055178297
153 0.76 0.00161000892471463 0.00123263357108405 0.00123263357108405
154 0.765 0.00171243853279179 0.0012313833870663 0.0012313833870663
155 0.77 0.00181437931506423 0.0012301299952443 0.00123012999518113
156 0.775 0.00191602712355632 0.00122887339086331 0.00122887339092648
157 0.78 0.00201760770912074 0.00122761356984624 0.00122761356984624
158 0.785 0.00211871638613559 0.00122635052753206 0.00122635052753206
159 0.79 0.00221984018592991 0.00122508425976414 0.00122508425962314
160 0.795 0.00232066720906232 0.0012238147619546 0.00122381476180811
161 0.8 0.00242127017999394 0.00122254202983091 0.00122254202982358
162 0.805 0.00253827623068048 0.00122126605916273 0.00122126605945755
163 0.81 0.00272018679460473 0.00121998684654712 0.00121998684654712
164 0.815 0.00292929526636954 0.00121870438698218 0.00121870438698218
165 0.82 0.00314999103726166 0.00121741867670344 0.00121741867670344
166 0.825 0.00337313614527091 0.00121612971170482 0.00121612971170482
167 0.83 0.00359678252623041 0.0012148374881743 0.00121483748803325
168 0.835 0.00382103043831705 0.00121354200164892 0.00121354200178997
169 0.84 0.00404583719392804 0.00121224324918401 0.00121224324913072
170 0.845 0.0042718118211269 0.00121094122638493 0.00121094122626675
171 0.85 0.00452735637958313 0.00120963592929374 0.00120963592946521
172 0.855 0.0048781811570251 0.00120832735505061 0.00120832735505061
173 0.86 0.00527332606782238 0.00120701549940422 0.00120701549940422
174 0.865 0.00568560235802806 0.00120570035903439 0.00120570035896589
175 0.87 0.0061030838474494 0.0012043819302161 0.00120438193023464
176 0.875 0.00652396657569909 0.00120306020984851 0.00120306020976885
177 0.88 0.00698057786155459 0.00120173519405781 0.00120173519418743
178 0.885 0.00757382666991191 0.00120040688017026 0.00120040688017026
179 0.89 0.00823988803547593 0.00119907526445906 0.00119907526445906
180 0.895 0.00893400659172983 0.00119774034385844 0.00119774034385844
181 0.9 0.00964331172986022 0.00119640211526345 0.00119640211523592
182 0.905 0.0105025693334113 0.0011950605754959 0.00119506057552343
183 0.91 0.0115095502791007 0.00119371572177357 0.00119371572171706
184 0.915 0.0125837650062692 0.00119236755082303 0.00119236755087954
185 0.92 0.0137575524294107 0.00119101606013866 0.00119101606013866
186 0.925 0.0151833783553599 0.00118966124670988 0.00118966124669023
187 0.93 0.0167445233611971 0.00118830310777757 0.00118830310779722
188 0.935 0.0185164468333596 0.00118694164079597 0.00118694164079136
189 0.94 0.0206014394721592 0.00118557684306964 0.00118557684307424
190 0.945 0.0229238350065231 0.00118420871214048 0.00118420871211644
191 0.95 0.0256802369840301 0.00118283724543639 0.00118283724546042
192 0.955 0.0288064042145493 0.00118146244071965 0.00118146244071965
193 0.96 0.0324965486379369 0.00118008429558042 0.00118008429558042
194 0.965 0.0367754364064439 0.00117870280780191 0.00117870280780191
195 0.97 0.0417941078151074 0.00117731797527781 0.00117731797521742
196 0.975 0.0477111383997055 0.00117592979567444 0.00117592979573483
197 0.98 0.0546907643774119 0.00117453826735703 0.00117453826733793
198 0.985 0.0629417541782544 0.00117314338806729 0.00117314338808638
199 0.99 0.0727497599348368 0.00117174515611729 0.00117174515611729
200 0.99 0.0692934615862697 0.000181455637711714 1.66533453693773e-16
201 0.99 0.0659865315342216 0.000144143373574768 1.66533453693773e-16
202 0.99 0.0628213157836797 0.000124745308281327 1.66533453693773e-16
203 0.99 0.0597916744592339 0.000175404636528598 1.66533453693773e-16
204 0.99 0.0568923625121869 0.000315843603930221 1.66533453693773e-16
205 0.99 0.0541152703643348 0.000322538389317006 1.66533453693773e-16
206 0.99 0.0514538442454437 0.000346965807690114 1.66533453693773e-16
207 0.99 0.048906733843566 0.000295010387122263 1.66533453693773e-16
208 0.99 0.0464687990171058 0.00026423858899044 1.66533453693773e-16
209 0.99 0.0441350432462713 0.000150574359407685 1.66533453693773e-16
210 0.99 0.0419000106167999 0.000143738678188621 1.66533453693773e-16
211 0.99 0.039760433835724 0.000223306447322047 1.66533453693773e-16
212 0.99 0.0377120693368767 0.000313924500752794 1.66533453693773e-16
213 0.99 0.0357523696220738 0.000329208012366133 1.66533453693773e-16
214 0.99 0.0338735429556607 0.000293041513058312 1.66533453693773e-16
215 0.99 0.0320755315739376 0.000253246777043525 1.66533453693773e-16
216 0.99 0.0303559790259271 7.52539941337727e-05 1.66533453693773e-16
217 0.99 0.028710594122046 6.72068041960849e-05 1.66533453693773e-16
218 0.99 0.0271367225196997 4.74728393151658e-07 1.66533453693773e-16
219 0.99 0.0256319395756748 2.95442568964965e-07 1.66533453693773e-16
220 0.99 0.0241933453384178 9.77323370676686e-07 1.66533453693773e-16
221 0.99 0.0228193072976666 2.57411526982665e-07 1.66533453693773e-16
222 0.99 0.0215040563971058 1.00486545689948e-06 1.66533453693773e-16
223 0.99 0.0202479629134302 9.45325176859857e-07 1.66533453693773e-16
224 0.99 0.0190481906842876 8.81850626022196e-07 1.66533453693773e-16
225 0.99 0.0179032601617877 9.32547316090382e-07 1.66533453693773e-16
226 0.99 0.0168113101349974 9.72854029501757e-07 1.66533453693773e-16
227 0.99 0.015770116842944 9.63180080082449e-07 1.66533453693773e-16
228 0.99 0.01477838690586 2.27001321018161e-07 1.66533453693773e-16
229 0.99 0.0138330516540037 9.34577190470076e-07 1.66533453693773e-16
230 0.99 0.0129312350089208 9.02852612449934e-07 1.66533453693773e-16
231 0.99 0.0120726919824676 2.3820574829303e-07 1.66533453693773e-16
232 0.99 0.0112570205390483 9.84235651368959e-07 1.66533453693773e-16
233 0.99 0.0104821585671573 2.36302242717645e-07 1.66533453693773e-16
234 0.99 0.0097465955446836 2.43644507291751e-07 1.66533453693773e-16
235 0.99 0.00904951092810791 2.59096337884568e-07 1.66533453693773e-16
236 0.99 0.00838702583170914 2.44728739717814e-07 1.66533453693773e-16
237 0.99 0.00775794771449512 2.65315725445081e-07 1.66533453693773e-16
238 0.99 0.0071634623286343 9.40712284069889e-07 1.66533453693773e-16
239 0.99 0.00660189733385153 9.2111428989794e-07 1.66533453693773e-16
240 0.99 0.00607206523567072 9.48238764009179e-07 1.66533453693773e-16
241 0.99 0.00557250703698742 9.63194339731466e-07 1.66533453693773e-16
242 0.99 0.00510104367731401 9.43526863139699e-07 1.66533453693773e-16
243 0.99 0.00465650060647249 9.2856762312632e-07 1.66533453693773e-16
244 0.99 0.0042393604220905 9.68893893560363e-07 1.66533453693773e-16
245 0.99 0.00384882382523699 2.38316805456495e-07 1.66533453693773e-16
246 0.99 0.00348305564068596 8.93089238063194e-07 1.66533453693773e-16
247 0.99 0.00314094052373548 9.33396093860672e-07 1.66533453693773e-16
248 0.99 0.00282239934318795 2.4315356944582e-07 1.66533453693773e-16
249 0.99 0.0025251238139532 2.31021595520353e-07 1.66533453693773e-16
250 0.99 0.00224962106236148 2.26433748973243e-07 1.66533453693773e-16
251 0.99 0.00199394550135423 2.29192217204854e-07 1.66533453693773e-16
252 0.99 0.00175886316877438 9.10913397433877e-07 1.66533453693773e-16
253 0.99 0.00154353335051383 9.34056885670831e-07 1.66533453693773e-16
254 0.99 0.0013448231548665 2.54482749262319e-07 1.66533453693773e-16
255 0.99 0.00116292828680287 9.5527485588498e-07 1.66533453693773e-16
256 0.99 0.000998814066662135 9.72025882617356e-07 1.66533453693773e-16
257 0.99 0.000851164160920348 2.36974997569472e-07 1.66533453693773e-16
258 0.99 0.000718079183471332 2.32502885666452e-07 1.66533453693773e-16
259 0.99 0.000599138198637661 9.50227294405082e-07 1.66533453693773e-16
260 0.99 0.000494214737088328 2.37905200706212e-07 1.66533453693773e-16
261 0.99 0.000402330097912795 9.6931752285867e-07 1.66533453693773e-16
262 0.99 0.000324041596286406 9.014977536137e-07 1.66533453693773e-16
263 0.99 0.000255789687301444 9.21227206018838e-07 1.66533453693773e-16
264 0.99 0.000198806822723441 9.7281658956172e-07 1.66533453693773e-16
265 0.99 0.000151660862997005 2.85288908330461e-07 1.66533453693773e-16
266 0.99 0.000113486735429547 2.37054904539402e-07 1.66533453693773e-16
267 0.99 8.20703114499111e-05 9.89181730193245e-07 1.66533453693773e-16
268 0.99 5.76901331044155e-05 9.54596531710372e-07 1.66533453693773e-16
269 0.99 3.986085322083e-05 9.77065405083355e-07 1.66533453693773e-16
270 0.99 2.60893385188865e-05 2.51649934945863e-07 1.66533453693773e-16
271 0.99 1.61782856338277e-05 2.56823049327171e-07 1.66533453693773e-16
272 0.99 9.98911201577357e-06 2.60264288176604e-07 1.66533453693773e-16
273 0.99 5.50464355342228e-06 2.21100256547757e-07 1.66533453693773e-16
274 0.99 3.34584137817728e-06 9.33198928021461e-07 1.66533453693773e-16
275 0.99 2.07442808175529e-06 2.37466765140582e-07 1.66533453693773e-16
276 0.99 1.85618466730375e-06 9.84531314141002e-07 1.66533453693773e-16
277 0.99 1.82503647749854e-06 1.00487436999197e-06 1.66533453693773e-16
278 0.99 1.7996242576146e-06 2.53456070908875e-07 1.66533453693773e-16
279 0.99 1.77779880061735e-06 9.3357957742235e-07 1.66533453693773e-16
280 0.99 1.75745583419484e-06 2.37083251919401e-07 1.66533453693773e-16
281 0.99 1.73797965885569e-06 2.30810398071934e-07 1.66533453693773e-16
282 0.99 1.71914651048155e-06 9.33231199318207e-07 1.66533453693773e-16
283 0.99 1.70011377065293e-06 9.33231188771089e-07 1.66533453693773e-16
284 0.99 1.68166612013465e-06 9.52824493416493e-07 1.66533453693773e-16
285 0.99 1.66357104092185e-06 9.71596540222386e-07 1.66533453693773e-16
286 0.99 1.64557296500334e-06 9.91203416400577e-07 1.66533453693773e-16
287 0.99 1.62789150692788e-06 2.33829334894686e-07 1.66533453693773e-16
288 0.99 1.61138262910754e-06 2.52385182419879e-07 1.66533453693773e-16
289 0.99 1.59340126515417e-06 9.39885677675445e-07 1.66533453693773e-16
290 0.99 1.57639917119923e-06 1.00322952012455e-06 1.66533453693773e-16
291 0.99 1.55986944605502e-06 1.01644064032236e-06 1.66533453693773e-16
292 0.99 1.54348117575864e-06 9.67648841443403e-07 1.66533453693773e-16
293 0.99 1.52701200306637e-06 9.38784883830479e-07 1.66533453693773e-16
294 0.99 1.51115770563592e-06 9.97091802124039e-07 1.66533453693773e-16
295 0.99 1.49531150839266e-06 2.48204556296816e-07 1.66533453693773e-16
296 0.99 1.4793978095895e-06 9.48201440975627e-07 1.66533453693773e-16
297 0.99 1.46418500435175e-06 9.08729754944826e-07 1.66533453693773e-16
298 0.99 1.44883922814643e-06 9.26826623393051e-07 1.66533453693773e-16
299 0.99 1.43399485352802e-06 9.6891533635235e-07 1.66533453693773e-16
300 0.99 1.41887946369934e-06 9.04355786701672e-07 1.66533453693773e-16
301 0.99 1.40409127880048e-06 2.4633343737035e-07 1.66533453693773e-16
302 0.99 1.38970608531963e-06 9.60414327288994e-07 1.66533453693773e-16
303 0.99 1.37522245324817e-06 2.32659454257877e-07 1.66533453693773e-16
304 0.99 1.36116717897039e-06 2.40752854430148e-07 1.66533453693773e-16
305 0.99 1.34748381697136e-06 2.35250875446624e-07 1.66533453693773e-16
306 0.99 1.33328552465173e-06 2.41325778804757e-07 1.66533453693773e-16
307 0.99 1.31988302598529e-06 2.40048103505863e-07 1.66533453693773e-16
308 0.99 1.30603015691122e-06 9.18344650824299e-07 1.66533453693773e-16
309 0.99 1.29316362063037e-06 8.89321256192233e-07 1.66533453693773e-16
310 0.99 1.27958776374726e-06 2.55701848139722e-07 1.66533453693773e-16
311 0.99 1.26655815790855e-06 2.36417764865049e-07 1.66533453693773e-16
312 0.99 1.25373878745449e-06 2.50199892193326e-07 1.66533453693773e-16
313 0.99 1.24098096421221e-06 9.52525516129121e-07 1.66533453693773e-16
314 0.99 1.22809375113775e-06 2.25924061292293e-07 1.66533453693773e-16
315 0.99 1.21573901878946e-06 9.62269764703816e-07 1.66533453693773e-16
316 0.99 1.20314888363282e-06 2.36098495420833e-07 1.66533453693773e-16
317 0.99 1.19097555284498e-06 9.44126350321817e-07 1.66533453693773e-16
318 0.99 1.1789383620453e-06 2.31879719592154e-07 1.66533453693773e-16
319 0.99 1.16726090482189e-06 2.37788566004316e-07 1.66533453693773e-16
320 0.99 1.15504326458904e-06 2.54489045337092e-07 1.66533453693773e-16
321 0.99 1.14336801004811e-06 2.3753188427289e-07 1.66533453693773e-16
322 0.99 1.13194302286956e-06 9.42199052278436e-07 1.66533453693773e-16
323 0.99 1.12035141341948e-06 9.64567930528126e-07 1.66533453693773e-16
324 0.99 1.10902416849967e-06 2.26490302235316e-07 1.66533453693773e-16
325 0.99 1.09798158121066e-06 9.81951993050956e-07 1.66533453693773e-16
326 0.99 1.08685495092686e-06 9.63437706613668e-07 1.66533453693773e-16
327 0.99 1.07578803465458e-06 9.4927087407326e-07 1.66533453693773e-16
328 0.99 1.06495248530791e-06 2.37634659727703e-07 1.66533453693773e-16
329 0.99 1.05418421014747e-06 2.37983944328946e-07 1.66533453693773e-16
330 0.99 1.04364443131999e-06 2.33268209193227e-07 1.66533453693773e-16
331 0.99 1.03368014947591e-06 2.30997275363354e-07 1.66533453693773e-16
332 0.99 1.02292742099053e-06 2.6461287022661e-07 1.66533453693773e-16
333 0.99 1.01232004112717e-06 9.47769710046842e-07 1.66533453693773e-16
334 0.99 1.00219999410456e-06 1.03021133268655e-06 1.66533453693773e-16
335 0.99 9.92342137351443e-07 9.84624352440289e-07 1.66533453693773e-16
336 0.99 9.82244287683898e-07 2.14809022403006e-07 1.66533453693773e-16
337 0.99 9.72360211903833e-07 2.40265998707745e-07 1.66533453693773e-16
338 0.99 9.62861264497406e-07 2.42748155854233e-07 1.66533453693773e-16
339 0.99 9.52841404000537e-07 2.33920836978374e-07 1.66533453693773e-16
340 0.99 9.43454566026958e-07 2.31113162607599e-07 1.66533453693773e-16
341 0.99 9.33766941102476e-07 9.68445173832322e-07 1.66533453693773e-16
342 0.99 9.24633866361546e-07 9.16476845913561e-07 1.66533453693773e-16
343 0.99 9.1517949840636e-07 2.29289834730029e-07 1.66533453693773e-16
344 0.99 9.0591016999042e-07 2.82973316501067e-07 1.66533453693773e-16
345 0.99 8.97683761991175e-07 2.94723965288402e-07 1.66533453693773e-16
346 0.99 8.87969264340427e-07 2.32450316051125e-07 1.66533453693773e-16
347 0.99 8.79284456800633e-07 9.22873056752316e-07 1.66533453693773e-16
348 0.99 8.70073606051847e-07 1.00592939511479e-06 1.66533453693773e-16
349 0.99 8.61643741245643e-07 2.37256083945869e-07 1.66533453693773e-16
350 0.99 8.52804319606548e-07 2.33409286676256e-07 1.66533453693773e-16
351 0.99 8.44416462086883e-07 3.28792483184071e-07 1.66533453693773e-16
352 0.99 8.35763174222848e-07 1.0259539096058e-06 1.66533453693773e-16
353 0.99 8.27688978688457e-07 2.3837667867399e-07 1.66533453693773e-16
354 0.99 8.19038916688442e-07 2.41779373189033e-07 1.66533453693773e-16
355 0.99 8.10961282127209e-07 9.1840419791378e-07 1.66533453693773e-16
356 0.99 8.02724244408637e-07 9.42736051168236e-07 1.66533453693773e-16
357 0.99 7.94703822748488e-07 9.18498563762249e-07 1.66533453693773e-16
358 0.99 7.86704276833916e-07 2.36222609084624e-07 1.66533453693773e-16
359 0.99 7.78929631906067e-07 2.64370709046613e-07 1.66533453693773e-16
360 0.99 7.71251094988656e-07 9.23708024291869e-07 1.66533453693773e-16
361 0.99 7.64081050874665e-07 9.59550848389501e-07 1.66533453693773e-16
362 0.99 7.55668153828992e-07 2.2641205227325e-07 1.66533453693773e-16
363 0.99 7.48209927792232e-07 9.40706827545768e-07 1.66533453693773e-16
364 0.99 7.40603951498997e-07 9.16476879997408e-07 1.66533453693773e-16
365 0.99 7.33291926735546e-07 9.64849191154027e-07 1.66533453693773e-16
366 0.99 7.25918837929385e-07 9.52731480596825e-07 1.66533453693773e-16
367 0.99 7.18754705530955e-07 2.32306830050266e-07 1.66533453693773e-16
368 0.99 7.11335772507482e-07 2.57086904709158e-07 1.66533453693773e-16
369 0.99 7.04360658687619e-07 2.29154687059197e-07 1.66533453693773e-16
370 0.99 6.97138418104259e-07 2.32890369045169e-07 1.66533453693773e-16
371 0.99 6.90196387154174e-07 2.33503314572836e-07 1.66533453693773e-16
372 0.99 6.832697607706e-07 2.60905285320856e-07 1.66533453693773e-16
373 0.99 6.76695776746783e-07 2.41448848303794e-07 1.66533453693773e-16
374 0.99 6.69674960818156e-07 2.32701355462606e-07 1.66533453693773e-16
375 0.99 6.62980056631568e-07 2.32982960701733e-07 1.66533453693773e-16
376 0.99 6.56551407018924e-07 9.87157146248308e-07 1.66533453693773e-16
377 0.99 6.4979241187757e-07 9.77065370943997e-07 1.66533453693773e-16
378 0.99 6.43467529926056e-07 2.26500020794607e-07 1.66533453693773e-16
379 0.99 6.37306527551118e-07 2.35032806605862e-07 1.66533453693773e-16
380 0.99 6.30817183377985e-07 2.69090017324114e-07 1.66533453693773e-16
381 0.99 6.24315063646463e-07 9.45340733748967e-07 1.66533453693773e-16
382 0.99 6.17905499211702e-07 2.38263192231525e-07 1.66533453693773e-16
383 0.99 6.11848875564647e-07 2.88173907847522e-07 1.66533453693773e-16
384 0.99 6.05722703994616e-07 9.46447036742626e-07 1.66533453693773e-16
385 0.99 5.99732260297969e-07 2.5837542577678e-07 1.66533453693773e-16
386 0.99 5.93894057487887e-07 8.89379535851109e-07 1.66533453693773e-16
387 0.99 5.87787852168731e-07 2.58421587073787e-07 1.66533453693773e-16
388 0.99 5.81834584068019e-07 2.44924708681094e-07 1.66533453693773e-16
389 0.99 5.75954331338835e-07 9.60219304846355e-07 1.66533453693773e-16
390 0.99 5.70261988741549e-07 2.59575597238992e-07 1.66533453693773e-16
391 0.99 5.64532143698671e-07 9.89600493106479e-07 1.66533453693773e-16
392 0.99 5.58895479230159e-07 2.35476962540115e-07 1.66533453693773e-16
393 0.99 5.53300949945879e-07 9.43155514021576e-07 1.66533453693773e-16
394 0.99 5.47726671129567e-07 2.35624244893096e-07 1.66533453693773e-16
395 0.99 5.42372248446554e-07 9.72421118683453e-07 1.66533453693773e-16
396 0.99 5.37034409830994e-07 2.59403347524501e-07 1.66533453693773e-16
397 0.99 5.31761116917551e-07 9.74213989091144e-07 1.66533453693773e-16
398 0.99 5.26540588907665e-07 2.30814401924739e-07 1.66533453693773e-16
399 0.99 5.21052456292637e-07 9.57064439699451e-07 1.66533453693773e-16
400 0.99 5.15901135145214e-07 2.45729918690873e-07 1.66533453693773e-16
401 0.99 5.1112358789851e-07 1.01340415570306e-06 1.66533453693773e-16
402 0.99 5.05574064391112e-07 2.37554575566179e-07 1.66533453693773e-16
403 0.99 5.00568191341699e-07 9.73272348991916e-07 1.66533453693773e-16
404 0.99 4.95495498853415e-07 9.52950488519733e-07 1.66533453693773e-16
405 0.99 4.90446041112591e-07 2.54986835923621e-07 1.66533453693773e-16
406 0.99 4.85544447315078e-07 9.81671959887631e-07 1.66533453693773e-16
407 0.99 4.80853103113077e-07 9.69835467490299e-07 1.66533453693773e-16
408 0.99 4.75870038485482e-07 9.28852847192907e-07 1.66533453693773e-16
409 0.99 4.7107293710269e-07 9.40553229245022e-07 1.66533453693773e-16
410 0.99 4.66624825889994e-07 9.71086268342081e-07 1.66533453693773e-16
411 0.99 4.62125029798699e-07 9.67292400011477e-07 1.66533453693773e-16
412 0.99 4.57153348065731e-07 2.36600600223014e-07 1.66533453693773e-16
413 0.99 4.5269527504388e-07 2.34960809752938e-07 1.66533453693773e-16
414 0.99 4.48412890818872e-07 2.33328057930304e-07 1.66533453693773e-16
415 0.99 4.43609195599493e-07 2.58424087518083e-07 1.66533453693773e-16
416 0.99 4.39469857838048e-07 1.01492855697494e-06 1.66533453693773e-16
417 0.99 4.34729344078733e-07 2.48966136817685e-07 1.66533453693773e-16
418 0.99 4.30630876735449e-07 9.28607662487035e-07 1.66533453693773e-16
419 0.99 4.26190496227719e-07 2.47145276910388e-07 1.66533453693773e-16
420 0.99 4.22039818204212e-07 9.41045496083426e-07 1.66533453693773e-16
421 0.99 4.17792463736077e-07 2.37363653121658e-07 1.66533453693773e-16
422 0.99 4.13392356790609e-07 9.90372513332005e-07 1.66533453693773e-16
423 0.99 4.09593155836774e-07 9.40711980534914e-07 1.66533453693773e-16
424 0.99 4.05583605811444e-07 2.31297246244822e-07 1.66533453693773e-16
425 0.99 4.01269574012986e-07 9.57458548167534e-07 1.66533453693773e-16
426 0.99 3.97269602103734e-07 9.98440232380382e-07 1.66533453693773e-16
427 0.99 3.93592031855405e-07 2.3367259216478e-07 1.66533453693773e-16
428 0.99 3.8927062462335e-07 9.92461017812474e-07 1.66533453693773e-16
429 0.99 3.85298648097887e-07 9.60577023811915e-07 1.66533453693773e-16
430 0.99 3.81551714667694e-07 2.34495527440259e-07 1.66533453693773e-16
431 0.99 3.77687157993023e-07 9.22896614630186e-07 1.66533453693773e-16
432 0.99 3.74094355493071e-07 2.43189439141922e-07 1.66533453693773e-16
433 0.99 3.70187706266734e-07 2.32540964817396e-07 1.66533453693773e-16
434 0.99 3.66613178925945e-07 9.18229682234095e-07 1.66533453693773e-16
435 0.99 3.6328573571609e-07 2.68765234678892e-07 1.66533453693773e-16
436 0.99 3.59178230269208e-07 2.38162396026809e-07 1.66533453693773e-16
437 0.99 3.55678494656786e-07 9.2927110567631e-07 1.66533453693773e-16
438 0.99 3.5207790460845e-07 2.36198009540001e-07 1.66533453693773e-16
439 0.99 3.48631175484115e-07 9.50387047005119e-07 1.66533453693773e-16
440 0.99 3.45067533658039e-07 9.49710426412231e-07 1.66533453693773e-16
441 0.99 3.41811528414837e-07 2.3219604960989e-07 1.66533453693773e-16
442 0.99 3.38361502372209e-07 9.81708313640972e-07 1.66533453693773e-16
443 0.99 3.34925289280363e-07 9.92733381166566e-07 1.66533453693773e-16
444 0.99 3.31407960629804e-07 9.45341360025775e-07 1.66533453693773e-16
445 0.99 3.28451406517161e-07 2.34393765063956e-07 1.66533453693773e-16
446 0.99 3.25266228173859e-07 9.68643125265345e-07 1.66533453693773e-16
447 0.99 3.2177409536871e-07 9.86064686236965e-07 1.66533453693773e-16
448 0.99 3.18556942602299e-07 9.87415159026117e-07 1.66533453693773e-16
449 0.99 3.15342120416062e-07 9.33223037846709e-07 1.66533453693773e-16
450 0.99 3.12679006242433e-07 9.57299055914795e-07 1.66533453693773e-16
451 0.99 3.0892387314907e-07 2.74321358073593e-07 1.66533453693773e-16
452 0.99 3.05824983115599e-07 9.21424252786629e-07 1.66533453693773e-16
453 0.99 3.03007496427199e-07 9.77740717889031e-07 1.66533453693773e-16
454 0.99 3.00142801279435e-07 2.70460272011608e-07 1.66533453693773e-16
455 0.99 2.96788584819296e-07 9.1254688122655e-07 1.66533453693773e-16
456 0.99 2.93869661049939e-07 9.61017723899449e-07 1.66533453693773e-16
457 0.99 2.91169413912939e-07 9.72019495115717e-07 1.66533453693773e-16
458 0.99 2.88000393311449e-07 2.38436843991163e-07 1.66533453693773e-16
459 0.99 2.85032058400247e-07 9.11909207479411e-07 1.66533453693773e-16
460 0.99 2.82315184563231e-07 8.85995476762602e-07 1.66533453693773e-16
461 0.99 2.79534589253672e-07 9.31620255495424e-07 1.66533453693773e-16
462 0.99 2.76928702191981e-07 2.48532277147273e-07 1.66533453693773e-16
463 0.99 2.73830863761759e-07 1.00489725030073e-06 1.66533453693773e-16
464 0.99 2.71296087817063e-07 9.94547778798704e-07 1.66533453693773e-16
465 0.99 2.68773789002807e-07 9.74204814985224e-07 1.66533453693773e-16
466 0.99 2.65694424683716e-07 9.19335894633555e-07 1.66533453693773e-16
467 0.99 2.63088722363136e-07 2.34680886501693e-07 1.66533453693773e-16
468 0.99 2.60470898183485e-07 9.81595410620706e-07 1.66533453693773e-16
469 0.99 2.57914791745861e-07 9.21006864440521e-07 1.66533453693773e-16
470 0.99 2.55758664025052e-07 2.30266438416837e-07 1.66533453693773e-16
471 0.99 2.52951920742817e-07 2.33237108682172e-07 1.66533453693773e-16
472 0.99 2.50149795988364e-07 9.464334869147e-07 1.66533453693773e-16
473 0.99 2.47644067030706e-07 9.48194189331897e-07 1.66533453693773e-16
474 0.99 2.4513445850971e-07 2.59574254146688e-07 1.66533453693773e-16
475 0.99 2.42819993445664e-07 9.31295857709014e-07 1.66533453693773e-16
476 0.99 2.40345897850602e-07 2.42983134113306e-07 1.66533453693773e-16
477 0.99 2.38067528357533e-07 2.30310570559222e-07 1.66533453693773e-16
478 0.99 2.35818205851501e-07 9.52891701433423e-07 1.66533453693773e-16
479 0.99 2.33356630019443e-07 2.49550893727246e-07 1.66533453693773e-16
480 0.99 2.31078288948083e-07 9.73393379899434e-07 1.66533453693773e-16
481 0.99 2.28588874051638e-07 2.2278005895604e-07 1.66533453693773e-16
482 0.99 2.26343644271765e-07 2.20924024130209e-07 1.66533453693773e-16
483 0.99 2.23948376287808e-07 9.72793316400544e-07 1.66533453693773e-16
484 0.99 2.21987008330871e-07 2.32330388982849e-07 1.66533453693773e-16
485 0.99 2.19667413148272e-07 2.30864932893038e-07 1.66533453693773e-16
486 0.99 2.17508215882845e-07 9.72694293832621e-07 1.66533453693773e-16
487 0.99 2.15179326801263e-07 2.48084891185663e-07 1.66533453693773e-16
488 0.99 2.13023042761051e-07 2.30322406369332e-07 1.66533453693773e-16
489 0.99 2.11219159496068e-07 9.98895294979096e-07 1.66533453693773e-16
490 0.99 2.08778203614202e-07 9.74523691299467e-07 1.66533453693773e-16
491 0.99 2.06761271215328e-07 9.57777427201822e-07 1.66533453693773e-16
492 0.99 2.04790595148552e-07 9.37176386162086e-07 1.66533453693773e-16
493 0.99 2.0360835151223e-07 9.20026834272392e-07 1.66533453693773e-16
494 0.99 2.00621201429385e-07 2.21599604000033e-07 1.66533453693773e-16
495 0.99 1.98591294520156e-07 9.35924311551428e-07 1.66533453693773e-16
496 0.99 1.96742149682905e-07 9.33214243159508e-07 1.66533453693773e-16
497 0.99 1.9461126044007e-07 2.35886907451466e-07 1.66533453693773e-16
498 0.99 1.92906142615357e-07 9.96093706462364e-07 1.66533453693773e-16
499 0.99 1.90971718438959e-07 9.83856276060013e-07 1.66533453693773e-16
500 0.99 1.88779708309994e-07 9.64924429580627e-07 1.66533453693773e-16
501 0.99 1.87010172680857e-07 9.96670989517057e-07 1.66533453693773e-16
502 0.99 1.8518177569149e-07 9.5745726874652e-07 1.66533453693773e-16
503 0.99 1.83229758476955e-07 9.19079540251388e-07 1.66533453693773e-16
504 0.99 1.81695256173953e-07 9.34057839963032e-07 1.66533453693773e-16
505 0.99 1.79701416413991e-07 2.62231286685122e-07 1.66533453693773e-16
506 0.99 1.78037950604448e-07 8.92231742932736e-07 1.66533453693773e-16
507 0.99 1.76113061911565e-07 9.43698548916405e-07 1.66533453693773e-16
508 0.99 1.74723112422726e-07 9.88619920705425e-07 1.66533453693773e-16
509 0.99 1.72684707422377e-07 2.50607128771119e-07 1.66533453693773e-16
510 0.99 1.70944971955578e-07 9.61039714475476e-07 1.66533453693773e-16
511 0.99 1.69204085409547e-07 2.54482482031637e-07 1.66533453693773e-16
512 0.99 1.67561537978145e-07 2.38142212449777e-07 1.66533453693773e-16
513 0.99 1.6587546269875e-07 2.35398541492682e-07 1.66533453693773e-16
514 0.99 1.64065184549145e-07 9.2116630800998e-07 1.66533453693773e-16
515 0.99 1.6239833655618e-07 9.45430483734189e-07 1.66533453693773e-16
516 0.99 1.61069152682103e-07 9.4536954758917e-07 1.66533453693773e-16
517 0.99 1.59228306984005e-07 2.37750585274643e-07 1.66533453693773e-16
518 0.99 1.57633195385642e-07 2.39737766472015e-07 1.66533453693773e-16
519 0.99 1.56291420694288e-07 2.55030425777569e-07 1.66533453693773e-16
520 0.99 1.54458859924489e-07 2.77746073085172e-07 1.66533453693773e-16
521 0.99 1.53156904048046e-07 9.15383893129729e-07 1.66533453693773e-16
522 0.99 1.5151132970459e-07 9.37851635962605e-07 1.66533453693773e-16
523 0.99 1.50037550383786e-07 2.32403393807257e-07 1.66533453693773e-16
524 0.99 1.48759880858051e-07 2.40707341170321e-07 1.66533453693773e-16
525 0.99 1.47019363794243e-07 2.32937622357543e-07 1.66533453693773e-16
526 0.99 1.45831350550907e-07 9.49970636043851e-07 1.66533453693773e-16
527 0.99 1.4400217196453e-07 2.37849199780094e-07 1.66533453693773e-16
528 0.99 1.42523902013636e-07 2.33904556834474e-07 1.66533453693773e-16
529 0.99 1.41188749580579e-07 9.28753953799433e-07 1.66533453693773e-16
530 0.99 1.39739512405868e-07 2.35678074222978e-07 1.66533453693773e-16
531 0.99 1.38549239636632e-07 9.75358334431853e-07 1.66533453693773e-16
532 0.99 1.37341359618404e-07 9.33484413767616e-07 1.66533453693773e-16
533 0.99 1.35945001034088e-07 8.62288177305715e-07 1.66533453693773e-16
534 0.99 1.34163698817247e-07 2.37318195039915e-07 1.66533453693773e-16
535 0.99 1.32858559709348e-07 2.59055163320809e-07 1.66533453693773e-16
536 0.99 1.31570445205398e-07 1.01743271269106e-06 1.66533453693773e-16
537 0.99 1.30211546434111e-07 1.01123325774166e-06 1.66533453693773e-16
538 0.99 1.29077932342625e-07 2.49738180357895e-07 1.66533453693773e-16
539 0.99 1.27872496591408e-07 9.01394836383407e-07 1.66533453693773e-16
540 0.99 1.26825412394282e-07 2.91487601167262e-07 1.66533453693773e-16
541 0.99 1.25233839298744e-07 9.39682698208877e-07 1.66533453693773e-16
542 0.99 1.24522784972214e-07 9.63921520769073e-07 1.66533453693773e-16
543 0.99 1.22830115856232e-07 2.34038918300872e-07 1.66533453693773e-16
544 0.99 1.21484148962736e-07 2.32346500372849e-07 1.66533453693773e-16
545 0.99 1.20152691351905e-07 2.49564190535345e-07 1.66533453693773e-16
546 0.99 1.19532245435039e-07 2.70298716353867e-07 1.66533453693773e-16
547 0.99 1.17839178415124e-07 9.49868769417606e-07 1.66533453693773e-16
548 0.99 1.16599593980027e-07 9.33124553903486e-07 1.66533453693773e-16
549 0.99 1.1540461741788e-07 2.38392427409639e-07 1.66533453693773e-16
550 0.99 1.14360275915715e-07 2.31772995573643e-07 1.66533453693773e-16
551 0.99 1.13325683059884e-07 2.39397878742942e-07 1.66533453693773e-16
552 0.99 1.12297087184743e-07 9.16481027346538e-07 1.66533453693773e-16
553 0.99 1.10882481862973e-07 2.54132578425548e-07 1.66533453693773e-16
554 0.99 1.09918744328752e-07 2.3774434415591e-07 1.66533453693773e-16
555 0.99 1.09169093320816e-07 9.28623323181998e-07 1.66533453693773e-16
556 0.99 1.07931583670506e-07 2.34514808572506e-07 1.66533453693773e-16
557 0.99 1.0710806463976e-07 9.61829161261196e-07 1.66533453693773e-16
558 0.99 1.05524918581068e-07 9.30362534234952e-07 1.66533453693773e-16
559 0.99 1.04374137777086e-07 2.64016575102222e-07 1.66533453693773e-16
560 0.99 1.0369456049375e-07 2.32763724627993e-07 1.66533453693773e-16
561 0.99 1.02593674000673e-07 1.00401010705298e-06 1.66533453693773e-16
562 0.99 1.01703676591569e-07 2.72479671825643e-07 1.66533453693773e-16
563 0.99 1.00671442737621e-07 9.60122170823308e-07 1.66533453693773e-16
564 0.99 9.93131976656514e-08 9.40552936312677e-07 1.66533453693773e-16
565 0.99 9.8773966783483e-08 9.46016141034622e-07 1.66533453693773e-16
566 0.99 9.74106342255254e-08 2.35285933902762e-07 1.66533453693773e-16
567 0.99 9.64805479952702e-08 2.74749419715281e-07 1.66533453693773e-16
568 0.99 9.54902930061508e-08 2.28468311214147e-07 1.66533453693773e-16
569 0.99 9.46804732393502e-08 2.89213766102581e-07 1.66533453693773e-16
570 0.99 9.3557829927704e-08 2.17046638939511e-07 1.66533453693773e-16
571 0.99 9.282602775329e-08 2.53557469076515e-07 1.66533453693773e-16
572 0.99 9.17128062383199e-08 9.31614627552868e-07 1.66533453693773e-16
573 0.99 9.06910315734422e-08 2.35218522381953e-07 1.66533453693773e-16
574 0.99 8.97501308827486e-08 2.35443690932424e-07 1.66533453693773e-16
575 0.99 8.93168419224821e-08 9.83166674517477e-07 1.66533453693773e-16
576 0.99 8.81016859466399e-08 2.24361885681201e-07 1.66533453693773e-16
577 0.99 8.72385186312385e-08 9.62087101652465e-07 1.66533453693773e-16
578 0.99 8.66172769065088e-08 9.44248184364671e-07 1.66533453693773e-16
579 0.99 8.54359001323246e-08 2.82241947036077e-07 1.66533453693773e-16
580 0.99 8.45910506086511e-08 2.36378336848642e-07 1.66533453693773e-16
581 0.99 8.37283664623101e-08 2.46425244210258e-07 1.66533453693773e-16
582 0.99 8.29158466331137e-08 9.28691825163863e-07 1.66533453693773e-16
583 0.99 8.20887322561248e-08 2.31992897559152e-07 1.66533453693773e-16
584 0.99 8.15279008747893e-08 2.36819812926559e-07 1.66533453693773e-16
585 0.99 8.08469451385463e-08 9.33124592039647e-07 1.66533453693773e-16
586 0.99 8.00493040742367e-08 9.48201475114985e-07 1.66533453693773e-16
587 0.99 7.89066803008609e-08 9.77062055429467e-07 1.66533453693773e-16
588 0.99 7.82776936603113e-08 2.57020866367697e-07 1.66533453693773e-16
589 0.99 7.72953114847041e-08 9.61820783740297e-07 1.66533453693773e-16
590 0.99 7.6708516871804e-08 9.45340013214224e-07 1.66533453693773e-16
591 0.99 7.57309805976547e-08 9.01497730798617e-07 1.66533453693773e-16
592 0.99 7.53630757799328e-08 2.32479380801731e-07 1.66533453693773e-16
593 0.99 7.43273886882889e-08 2.30101686315987e-07 1.66533453693773e-16
594 0.99 7.35430205622833e-08 9.8453134056431e-07 1.66533453693773e-16
595 0.99 7.3103635145344e-08 1.03232690040755e-06 1.66533453693773e-16
596 0.99 7.21781958645806e-08 9.73097826650893e-07 1.66533453693773e-16
597 0.99 7.14266974455313e-08 9.59887726637021e-07 1.66533453693773e-16
598 0.99 7.06160250274479e-08 9.78833663733969e-07 1.66533453693773e-16
599 0.99 6.99482569643806e-08 9.71344176980971e-07 1.66533453693773e-16
600 0.99 6.92624269049702e-08 9.7706539181619e-07 1.66533453693773e-16
601 0.99 6.87744972083237e-08 9.67133323648284e-07 1.66533453693773e-16
602 0.99 6.77873259746775e-08 9.27661620631071e-07 1.66533453693773e-16
603 0.99 6.72442865834455e-08 2.47583775203619e-07 1.66533453693773e-16
604 0.99 6.651829664861e-08 9.21067779546814e-07 1.66533453693773e-16
605 0.99 6.58608172443564e-08 2.35475288878906e-07 1.66533453693773e-16
606 0.99 6.51244533855788e-08 2.37072091624491e-07 1.66533453693773e-16
607 0.99 6.4854745573939e-08 9.78331835210788e-07 1.66533453693773e-16
608 0.99 6.40542765495411e-08 9.44671018021648e-07 1.66533453693773e-16
609 0.99 6.32874446182541e-08 2.42228250124654e-07 1.66533453693773e-16
610 0.99 6.28262171176175e-08 2.37531726510198e-07 1.66533453693773e-16
611 0.99 6.19712778870962e-08 2.27999363000553e-07 1.66533453693773e-16
612 0.99 6.16021793575783e-08 2.71165921494898e-07 1.66533453693773e-16
613 0.99 6.07254264650692e-08 9.52815641108717e-07 1.66533453693773e-16
614 0.99 6.05076166948493e-08 9.61071013050319e-07 1.66533453693773e-16
615 0.99 5.95379816559216e-08 9.12600188029966e-07 1.66533453693773e-16
616 0.99 5.89155888519599e-08 2.32615972317607e-07 1.66533453693773e-16
617 0.99 5.8429080240785e-08 9.33208747555536e-07 1.66533453693773e-16
618 0.99 5.77644527766097e-08 9.36744835366987e-07 1.66533453693773e-16
619 0.99 5.72058524994645e-08 9.37692447244842e-07 1.66533453693773e-16
620 0.99 5.6905193446255e-08 2.55218456091111e-07 1.66533453693773e-16
621 0.99 5.61577166990901e-08 9.40712284014378e-07 1.66533453693773e-16
622 0.99 5.56316877009522e-08 2.37016783588562e-07 1.66533453693773e-16
623 0.99 5.51883942989662e-08 9.14714574862252e-07 1.66533453693773e-16
624 0.99 5.441653172511e-08 2.35833533701602e-07 1.66533453693773e-16
625 0.99 5.38645394954074e-08 9.75306332362536e-07 1.66533453693773e-16
626 0.99 5.36391411287696e-08 9.67808308549589e-07 1.66533453693773e-16
627 0.99 5.28221590911926e-08 2.72197390127626e-07 1.66533453693773e-16
628 0.99 5.23095593507605e-08 2.50632352927216e-07 1.66533453693773e-16
629 0.99 5.19153502409608e-08 9.79870664385984e-07 1.66533453693773e-16
630 0.99 5.11727478169632e-08 9.52774612372753e-07 1.66533453693773e-16
631 0.99 5.0788344196917e-08 9.60321259346753e-07 1.66533453693773e-16
632 0.99 5.02407004887573e-08 2.1555184065436e-07 1.66533453693773e-16
633 0.99 4.97486638550981e-08 2.55013537064919e-07 1.66533453693773e-16
634 0.99 4.92059513135246e-08 9.37851546700674e-07 1.66533453693773e-16
635 0.99 4.88102784856892e-08 9.18085393208923e-07 1.66533453693773e-16
636 0.99 4.84595688021727e-08 2.65959767098423e-07 1.66533453693773e-16
637 0.99 4.83526036987314e-08 9.67390954620395e-07 1.66533453693773e-16
638 0.99 4.72878838309043e-08 2.14333752857065e-07 1.66533453693773e-16
639 0.99 4.69423326876495e-08 9.30385744002393e-07 1.66533453693773e-16
640 0.99 4.63799949557142e-08 2.35168070295e-07 1.66533453693773e-16
641 0.99 4.58937563507789e-08 2.38198299973291e-07 1.66533453693773e-16
642 0.99 4.56206663557168e-08 9.87415174180661e-07 1.66533453693773e-16
643 0.99 4.5142584781388e-08 9.92104621122536e-07 1.66533453693773e-16
644 0.99 4.46111982910224e-08 9.73590425279447e-07 1.66533453693773e-16
645 0.99 4.41026912767484e-08 1.00811471526185e-06 1.66533453693773e-16
646 0.99 4.39047767031298e-08 9.89187314115458e-07 1.66533453693773e-16
647 0.99 4.3446249264889e-08 2.45881528693204e-07 1.66533453693773e-16
648 0.99 4.2920575538119e-08 2.23912937691306e-07 1.66533453693773e-16
649 0.99 4.23256807380312e-08 2.36919831309024e-07 1.66533453693773e-16
650 0.99 4.21000834194274e-08 2.58334750313782e-07 1.66533453693773e-16
651 0.99 4.15654284324773e-08 2.57937008030229e-07 1.66533453693773e-16
652 0.99 4.11470324479524e-08 2.36504864303821e-07 1.66533453693773e-16
653 0.99 4.07842009053638e-08 2.30001564738291e-07 1.66533453693773e-16
654 0.99 4.02988575842755e-08 2.32258877352898e-07 1.66533453693773e-16
655 0.99 3.98329262907282e-08 9.95996946306921e-07 1.66533453693773e-16
656 0.99 3.96200050545303e-08 2.2899812129884e-07 1.66533453693773e-16
657 0.99 3.90985661624654e-08 1.01148439440868e-06 1.66533453693773e-16
658 0.99 3.91042789260609e-08 2.59932749657743e-07 1.66533453693773e-16
